111111111111111111111111111111111111111111111111111111111111111111111111111111111111
111111111111111111111111111111111111111111111111111111111111111111111111111111111111
111111111111111111111111111111111111111111111111111111111111111111111111111111111111
111111111111111111111111111111111111111111111111111111111111111111111111111111111111
111111111111111111111111114111111111111211111111141111111111111111111111111111111111
111111111111111111111411111111111411111211111111141111111111111111111111111111111111
111111111111111111111111141111111111111211111111111111111111111111111111111111111111
111111111111111111111111111151111411511211111141111411111111111111111111111111111111
111111111111111111114411151111141111111211111111111111111111111111111111111111111111
111111111111111111111111111141111114411211111111411111111111111111111111111111111111
111111111111111111111151111111111511111211111111111111111111111111111111111111111111
111111111111111111151111111411111151511v33333333333333111111111111111111111111111111
111111111111111111111111111111111111111111111141114112111111111111111111111111111111
111111111111111111111511111114111114111111411111111112111441111111111111111111111111
111111111111111111111111111411115111111441111141111112111111411111115111111111111111
111111111111111111111111111111141111151111111111111512111411111111111111151111111111
11111111111111111111151111114111151111144111111411111211141111111C111511111111111111
111111111111111111111111111111111111111511111111111112111111111111111111511111111111
111111111111111111111111141111155111511151114111141112111111111111111111111111111111
11111111111111111111111111111111111111511111111111111c33333333333n111111141111111111
111111111111111111111111111111144411111111114111114111111111111111111111111111111111
111111111111111111111111111111111111111111111111141111141111111144111141111111111111
111111111111111111111111111111111111111111111111111141111111151111115111111111111111
111111111111111111111111111111111111111111111111111111111111111111111111111111111111
111111111111111111111111111111111111111111111111111111111111111111111111111111111111
111111111111111111111111111111111111111111111111111111111111111111111111111111111111
111111111111111111111111111111111111111111111111111111111111111111111111111111111111
111111111111111111111111111111111111111111111111111111111111111111111111111111111111
111111111111111111111111111111111111111111111111111111111111111111111111111111111111
111111111111111111111111111111111111111111111111111111111111111111111111111111111111
111111111111111111111111111111111111111111111111111111111111111111111111111111111111
111111111111111111111111111111111111111111111111111111111111111111111111111111111111
111111111111111111111111111111111111111111111111111111111111111111111111111111111111
111111111111111111111111111111111111111111111111111111111111111111111111111111111111
111111111111111111111111111111111111111111111111111111111111111111111111111111111111
111111111111111111111111111111111111111111111111111111111111111111111111111111111111
111111111111111111111111111111111111111111111111111111111111111111111111111111111111
111111111111111111111111111111111111111111111111111111111111111111111111111111111111
111111111111111111111111111111111111111111111111111111111111111111111111111111111111